 113632
-308416
  41615
 527037
-713618
 899052
-117086
-416608
  43048
 365817
 588070
 700452
 129509
-268428
 688173
 673832
 480764
 237135
-347900
 523029
 533184
-255682
 711522
  19655
 866805
 317427
 415281
 -28199
-111100
-171898
 426130
 410799
 451727
 117522
 660726
 555231
 791462
-865279
 774168
 967991
 -18011
-832957
-796763
-324240
-783640
-211464
-492085
 186262
 660350
 474337
 588629
 317172
-633289
 -36117
 507060
 541570
 795353
-596978
-898727
-841635
 853802
  54901
 361258
-987905
-946036
 -58272
-381063
 715065
 375327
-835676
-992987
 365767
-268590
 843587
-646024
-388939
 555361
-362188
-292056
 565601
 -47693
 612036
-980069
-419480
-889860
-129634
 167493
 144380
-782888
 809497
 462622
 302939
   3713
 111411
-936854
 -99730
 207982
-334505
 294760
-327691
 757517
 495093
 791226
-235083
 268094
 460776
-426822
-397962
 577958
-977640
-288684
 195591
-531517
-336007
  57722
 -32795
 466030
-278615
-320623
 -57055
-323521
 297510
  90864
-214291
 973069
-287099
-841365
 545938
-460220
 508901
-362886
-760131
-233322
 407003
 697277
 405503
 800247
-175302
 521278
 640041
-329103
 557979
  62036
-211495
-148533
  62953
 404633
 931814
 344681
-596255
 816725
 613568
 954160
 381175
-461917
 848349
-737258
 616425
 634774
-629685
  23476
 436204
-168651
 309422
 162829
 290661
 134845
  23600
 402262
 132590
 277263
 168729
-376511
 696201
-471425
 254285
 534350
 936035
-729767
 911027
 936398
  21331
 869514
 888131
 -48071
 228453
 857928
-599335
 937300
 833713
 192333
 864355
 491077
 681232
 465256
-716939
 -40371
 485202
 331339
 595432
 149488
-876765
 129696
-859289
-425124
-812820
-292618
-930317
-499507
-119878
-212959
-994740
-716238
 -17003
 872209
 548234
-922602
  61542
-353374
 327228
-177725
-655935
-900680
-792106
 642240
 772772
-804914
-995066
-753357
-383827
-189595
 581514
-247009
 727345
 867724
-425815
 461296
-957420
 126403
-852597
-456706
-762747
 926542
-839699
-646113
-409543
 332271
 -80657
 128780
  57270
 584000
 294023
-798573
-692763
-455503
 388789
 